width="335px" height="68px" viewBox="0 0 335 68" version="1.1"
        xmlns="http://www.w3.org/2000/svg" xmlns:xlink="http://www.w3.org/1999/xlink">
        <path
          d="M171.1,23.3 L171.1,18.5 L153.8,18.5 L153.8,66.3 L172,66.3 L172,43 C172,36.7 175.1,33.5 181.3,33.5 C182.5,33.5 183.9,33.6 185.3,33.8 L185.3,17.8 C179.1,17.8 174.3,19.6 171.1,23.3 Z M204.6,23.3 L204.6,18.5 L187.3,18.5 L187.3,66.3 L205.5,66.3 L205.5,43 C205.5,36.7 208.6,33.5 214.8,33.5 C216,33.5 217.4,33.6 218.8,33.8 L218.8,17.8 C212.6,17.8 207.8,19.6 204.6,23.3 Z M256.4,20.6 C252.7,18.7 248.6,17.7 244.2,17.7 C239.5,17.7 235.2,18.7 231.4,20.8 C227.6,22.9 224.6,25.8 222.5,29.5 C220.3,33.2 219.2,37.5 219.2,42.2 C219.2,46.9 220.3,51.1 222.5,54.8 C224.7,58.6 227.8,61.5 231.8,63.6 C235.8,65.7 240.5,66.8 245.8,66.8 C254.3,66.8 260.8,64.3 265.1,59.2 L255.6,48.9 C254,50.2 252.6,51.1 251.3,51.6 C250,52.1 248.4,52.4 246.4,52.4 C244.1,52.4 242.3,51.9 240.8,51 C239.3,50 238.2,48.7 237.6,46.9 L268.2,46.9 C268.4,44.1 268.4,42.6 268.4,42.3 C268.4,37.2 267.3,32.7 265.1,29.1 C263,25.3 260.1,22.5 256.4,20.6 Z M237.3,37.4 C237.7,35.4 238.5,33.8 239.7,32.7 C240.9,31.6 242.5,31.1 244.4,31.1 C246.3,31.1 247.8,31.7 249.1,32.8 C250.3,33.9 251.1,35.5 251.5,37.4 L237.3,37.4 Z M271,0.8 L289.2,0.8 L289.2,66.4 L271,66.4 L271,0.8 Z M331.2,41.9 C329.3,39.8 327.1,38.4 324.6,37.7 C322.1,37 319.1,36.3 315.5,35.9 C313.2,35.6 311.5,35.3 310.4,35 C309.3,34.7 308.8,34.1 308.8,33.4 C308.8,31.9 310.8,31.1 314.8,31.1 C319.4,31.1 323.7,32.3 327.5,34.6 L332.5,21.7 C330.2,20.4 327.5,19.5 324.3,18.8 C321.1,18.1 317.8,17.8 314.5,17.8 C309.7,17.8 305.6,18.5 302.2,20 C298.8,21.4 296.2,23.4 294.5,25.8 C292.8,28.2 291.9,31 291.9,34 C291.9,37.9 292.9,40.8 294.8,42.9 C296.7,45 298.9,46.4 301.4,47.1 C303.9,47.8 307,48.4 310.6,48.9 C313,49.2 314.7,49.5 315.7,49.8 C316.7,50.1 317.3,50.6 317.3,51.4 C317.3,52.2 316.9,52.7 316.1,53.1 C315.3,53.5 313.8,53.7 311.7,53.7 C309.1,53.7 306.4,53.3 303.6,52.6 C300.8,51.9 298.4,50.8 296.3,49.5 L291.3,62.4 C293.6,63.8 296.5,64.9 300.2,65.8 C303.9,66.7 307.6,67.1 311.3,67.1 C316.2,67.1 320.4,66.4 323.8,64.9 C327.2,63.5 329.8,61.5 331.5,59.1 C333.2,56.7 334.1,54 334.1,51 C334.1,47 333.1,44 331.2,41.9 Z"
          id="Shape" fill="#FFFFFF"></path>
        <path
          d="M55.1,49.5 L55.1,66.4 L4.3,66.4 L4.3,53 L27.2,31.4 C29.2,29.5 30.5,27.9 31.2,26.5 C31.9,25.1 32.2,23.8 32.2,22.5 C32.2,20.9 31.7,19.7 30.6,18.8 C29.5,17.9 28,17.5 26,17.5 C24.1,17.5 22.3,18 20.6,19.1 C18.9,20.1 17.6,21.6 16.7,23.5 L0.6,15.2 C3,10.6 6.5,7 11.2,4.3 C15.8,1.6 21.5,0.3 28,0.3 C33,0.3 37.5,1.1 41.3,2.8 C45.2,4.5 48.2,6.8 50.4,9.9 C52.6,13 53.7,16.5 53.7,20.5 C53.7,24.1 53,27.4 51.5,30.5 C50,33.6 47.1,37.1 42.8,41.1 L33.7,49.5 L55.1,49.5 Z"
          id="Shape2" fill="#F26922"></path>
        <path
          d="M133.9,18.6 L133.9,20.3 C133.6,20.1 133.3,20 133,19.8 C126,16.8 118.5,17.5 112.2,21.7 C109.4,23.6 105.1,28.4 104.9,28.6 L104.7,28.9 L104.9,29.1 C104.9,29.1 111.9,36.6 115.5,40.4 L115.8,40.7 L117.1,39.3 C117.8,38.5 118.6,37.7 119.3,36.9 C120.9,35.2 122.9,34.4 125.2,34.7 C128.3,35 130.9,37.4 131.6,40.7 C132.3,43.9 131,47.3 128.3,49 C125.4,50.9 121.8,50.4 119.3,47.8 C117,45.4 114.8,43 112.5,40.6 C107.7,35.5 102.8,30.3 97.9,25.2 C92,19 84.9,16.8 76.8,18.5 L76.7,18.5 L76.7,0.8 L58.5,0.8 L58.5,45.2 L58.6,45.1 C58.7,45.8 58.8,46.5 58.9,47.3 C60.4,55.3 65.6,61.9 72.8,65 C79.6,68 87.1,67.4 93.3,63.4 C96.3,61.5 100.8,56.5 101,56.2 L101.2,55.9 L90.2,44.2 L89.9,44.5 C89.9,44.5 89.4,45 88.8,45.7 L86.6,48 C84.2,50.6 80.3,51 77.4,48.9 C74.5,46.8 73.4,42.8 74.8,39.5 C75.8,37.1 77.8,35.4 80.2,34.9 C82.6,34.4 84.9,35.2 86.7,37.1 C89.2,39.7 91.7,42.4 94.2,45.1 C98.7,49.9 103.4,54.9 108.1,59.8 C112.7,64.6 118,67 123.9,67 C125.6,67 127.4,66.8 129.2,66.4 C131.2,66 132.7,65.4 133.8,64.7 L133.8,66.5 L150.1,66.5 L150.1,18.6 L133.9,18.6 Z"
          id="Shape3" fill="#FFFFFF"></path>
      </svg>


      <line fill="none" id="svg_14" stroke="#05121a" stroke-width="100" x1="295" x2="50" y1="50.5" y2="50" />